0 0.0783847 0.0834229 0.096778 0.0838116 0.0719152 0.0950563 0.0743034 0.0830755 0.086665 0.546036 0.542819 0.544717 0.544113 0.542574 0.541232 0.533669 0.543486 0.54476 0.544624 0.201398 0.198314 0.203518 0.199628 0.197076 0.118509 0.19921 0.198266 0.112006 0.199216 0.381803 0.381558 0.381037 0.380869 0.382462 0.381111 0.380052 0.377432 0.373345 0.378432 0.382361 0.381987 0.3825 0.382519 0.375917 0.375275 
0.0783847 0 0.0595692 0.0954124 0.0553351 0.0567351 0.0730026 0.0570796 0.0546459 0.0609917 0.546959 0.543277 0.545241 0.544339 0.543782 0.54168 0.534797 0.544655 0.54625 0.545677 0.205672 0.203669 0.207323 0.202563 0.203304 0.119101 0.205436 0.204197 0.118177 0.204368 0.374046 0.374008 0.373663 0.373772 0.374925 0.37384 0.37297 0.37086 0.366621 0.37199 0.375017 0.374173 0.374962 0.375217 0.371192 0.371584 
0.0834229 0.0595692 0 0.089931 0.0668614 0.0475771 0.0707813 0.0496122 0.0646264 0.0552121 0.551999 0.548938 0.550904 0.550305 0.549201 0.548143 0.539904 0.549665 0.551152 0.551283 0.238441 0.236902 0.244671 0.238748 0.236719 0.142515 0.237582 0.240146 0.135594 0.241713 0.386597 0.386708 0.385096 0.385782 0.387183 0.385967 0.384734 0.382432 0.380609 0.383351 0.387191 0.386848 0.387175 0.38754 0.380317 0.380036 
0.096778 0.0954124 0.089931 0 0.107021 0.0825829 0.0827518 0.0796913 0.105249 0.0820098 0.547787 0.544714 0.546426 0.546057 0.544996 0.543631 0.536068 0.546649 0.547105 0.547243 0.193502 0.191995 0.19619 0.190784 0.190563 0.114019 0.193109 0.191346 0.103579 0.193792 0.381748 0.381368 0.3802 0.380799 0.38219 0.380572 0.379509 0.377219 0.373687 0.378185 0.382095 0.381759 0.382115 0.382311 0.375063 0.374582 
0.0838116 0.0553351 0.0668614 0.107021 0 0.0633616 0.0923707 0.0648665 0.0631871 0.0696506 0.549482 0.546785 0.548752 0.548453 0.546654 0.545729 0.536787 0.547714 0.548681 0.548888 0.22083 0.219843 0.224639 0.219119 0.218827 0.129747 0.21595 0.220367 0.122984 0.220862 0.388367 0.387973 0.387101 0.387658 0.388977 0.387729 0.386418 0.384002 0.381405 0.385325 0.389007 0.38866 0.389086 0.389138 0.382275 0.381038 
0.0719152 0.0567351 0.0475771 0.0825829 0.0633616 0 0.061723 0.0481376 0.0649753 0.0520202 0.550615 0.547958 0.549292 0.548426 0.548006 0.546557 0.538845 0.549381 0.550631 0.549826 0.211487 0.209878 0.215968 0.211466 0.212428 0.12819 0.21434 0.214385 0.124503 0.213468 0.371206 0.371359 0.370868 0.371123 0.37205 0.370523 0.37018 0.368941 0.365499 0.369776 0.372063 0.371423 0.372031 0.372183 0.368724 0.368762 
0.0950563 0.0730026 0.0707813 0.0827518 0.0923707 0.061723 0 0.0665713 0.0799358 0.0696437 0.549861 0.546707 0.549033 0.548029 0.546889 0.545868 0.536358 0.547582 0.548811 0.549064 0.228949 0.226758 0.233284 0.227697 0.225239 0.136716 0.227724 0.229215 0.128429 0.230941 0.388108 0.387653 0.386886 0.387489 0.388583 0.387399 0.385834 0.382994 0.380917 0.384761 0.388612 0.38834 0.388526 0.388524 0.380931 0.380156 
0.0743034 0.0570796 0.0496122 0.0796913 0.0648665 0.0481376 0.0665713 0 0.0614278 0.0512696 0.548295 0.544585 0.546294 0.545463 0.544989 0.543358 0.536181 0.545716 0.547282 0.547062 0.207566 0.205199 0.210348 0.204514 0.208059 0.124724 0.206327 0.208046 0.122617 0.207259 0.369793 0.370073 0.369323 0.369629 0.37068 0.369781 0.369317 0.367015 0.363436 0.367303 0.370919 0.370528 0.370716 0.371184 0.367342 0.367501 
0.0830755 0.0546459 0.0646264 0.105249 0.0631871 0.0649753 0.0799358 0.0614278 0 0.0712648 0.548084 0.545102 0.54711 0.5462 0.545195 0.543369 0.535601 0.545917 0.547068 0.54717 0.217112 0.216031 0.223718 0.217735 0.21581 0.124619 0.215942 0.217866 0.122183 0.221229 0.386275 0.385855 0.385047 0.38543 0.386773 0.385564 0.384789 0.381683 0.378855 0.383261 0.386808 0.38646 0.386793 0.386793 0.380087 0.379499 
0.086665 0.0609917 0.0552121 0.0820098 0.0696506 0.0520202 0.0696437 0.0512696 0.0712648 0 0.550321 0.547168 0.548673 0.548117 0.54722 0.545779 0.539611 0.54831 0.550026 0.549421 0.214789 0.212818 0.219274 0.213231 0.215178 0.13142 0.216569 0.214951 0.127945 0.215786 0.376339 0.376749 0.375931 0.376099 0.377617 0.37574 0.374908 0.3734 0.369949 0.373833 0.377495 0.376801 0.377415 0.377828 0.372275 0.372338 
0.546036 0.546959 0.551999 0.547787 0.549482 0.550615 0.549861 0.548295 0.548084 0.550321 0 0.0518679 0.0486609 0.0453685 0.0487249 0.0533197 0.0516192 0.0441654 0.0449354 0.0491752 0.521925 0.521285 0.52015 0.520999 0.519906 0.537432 0.517577 0.520647 0.539077 0.523347 0.634335 0.634802 0.636423 0.636451 0.635479 0.635871 0.637747 0.638663 0.634465 0.638575 0.635695 0.636169 0.636282 0.634373 0.639097 0.640953 
0.542819 0.543277 0.548938 0.544714 0.546785 0.547958 0.546707 0.544585 0.545102 0.547168 0.0518679 0 0.0461466 0.0484027 0.0477188 0.0516106 0.0503728 0.0493621 0.0470659 0.0497686 0.519051 0.518038 0.517797 0.519226 0.517262 0.534146 0.514557 0.517244 0.535886 0.520852 0.632065 0.632541 0.634434 0.634165 0.633089 0.633614 0.635685 0.636156 0.632386 0.636103 0.633446 0.633802 0.633924 0.63214 0.636882 0.63855 
0.544717 0.545241 0.550904 0.546426 0.548752 0.549292 0.549033 0.546294 0.54711 0.548673 0.0486609 0.0461466 0 0.0488689 0.0458957 0.0535645 0.0508024 0.0480261 0.0520386 0.0512207 0.520748 0.520411 0.520172 0.520939 0.518956 0.53665 0.516978 0.519784 0.538414 0.522931 0.632393 0.632909 0.634793 0.634607 0.63367 0.634135 0.636368 0.637102 0.633082 0.636887 0.633985 0.634409 0.634429 0.632636 0.637521 0.639144 
0.544113 0.544339 0.550305 0.546057 0.548453 0.548426 0.548029 0.545463 0.5462 0.548117 0.0453685 0.0484027 0.0488689 0 0.0410507 0.0486849 0.0505566 0.0394323 0.0383778 0.041765 0.52062 0.519333 0.519034 0.52052 0.519176 0.536154 0.516858 0.519049 0.53714 0.522299 0.632793 0.633297 0.635193 0.635084 0.634487 0.634912 0.636659 0.637846 0.633565 0.637386 0.634412 0.634856 0.635042 0.63307 0.638275 0.639623 
0.542574 0.543782 0.549201 0.544996 0.546654 0.548006 0.546889 0.544989 0.545195 0.54722 0.0487249 0.0477188 0.0458957 0.0410507 0 0.0501043 0.0463147 0.0420205 0.0408826 0.0445349 0.519626 0.518005 0.517574 0.519672 0.517968 0.535075 0.515567 0.51844 0.536205 0.52093 0.632941 0.633328 0.635063 0.635007 0.634272 0.634277 0.636316 0.636827 0.63303 0.637003 0.634266 0.634738 0.63486 0.633003 0.637492 0.638913 
0.541232 0.54168 0.548143 0.543631 0.545729 0.546557 0.545868 0.543358 0.543369 0.545779 0.0533197 0.0516106 0.0535645 0.0486849 0.0501043 0 0.0491846 0.0489312 0.0486746 0.0529747 0.517517 0.516799 0.516227 0.517792 0.51546 0.533374 0.513719 0.515885 0.534125 0.519225 0.629384 0.629922 0.631871 0.631525 0.630833 0.630976 0.633254 0.633884 0.630153 0.634093 0.630872 0.631341 0.631452 0.629719 0.634503 0.636308 
0.533669 0.534797 0.539904 0.536068 0.536787 0.538845 0.536358 0.536181 0.535601 0.539611 0.0516192 0.0503728 0.0508024 0.0505566 0.0463147 0.0491846 0 0.0452115 0.0481432 0.0508123 0.509519 0.508347 0.507811 0.509436 0.50814 0.525347 0.505734 0.508035 0.527274 0.51146 0.621472 0.621363 0.623419 0.623336 0.622475 0.622565 0.624813 0.625459 0.621679 0.625312 0.622406 0.622984 0.623146 0.620962 0.625966 0.627127 
0.543486 0.544655 0.549665 0.546649 0.547714 0.549381 0.547582 0.545716 0.545917 0.54831 0.0441654 0.0493621 0.0480261 0.0394323 0.0420205 0.0489312 0.0452115 0 0.0448062 0.0449108 0.520329 0.51869 0.518329 0.519949 0.518235 0.535746 0.515509 0.518899 0.536963 0.521584 0.63611 0.636353 0.638076 0.637677 0.63711 0.637196 0.638694 0.639568 0.635386 0.639131 0.637159 0.637482 0.637712 0.635734 0.639874 0.641092 
0.54476 0.54625 0.551152 0.547105 0.548681 0.550631 0.548811 0.547282 0.547068 0.550026 0.0449354 0.0470659 0.0520386 0.0383778 0.0408826 0.0486746 0.0481432 0.0448062 0 0.0453709 0.521003 0.519863 0.519345 0.520624 0.51927 0.536629 0.516624 0.519799 0.5381 0.522092 0.634642 0.635217 0.636866 0.636749 0.635897 0.636454 0.638209 0.638745 0.634541 0.638608 0.636081 0.636532 0.636612 0.634758 0.639681 0.640836 
0.544624 0.545677 0.551283 0.547243 0.548888 0.549826 0.549064 0.547062 0.54717 0.549421 0.0491752 0.0497686 0.0512207 0.041765 0.0445349 0.0529747 0.0508123 0.0449108 0.0453709 0 0.521021 0.519312 0.519136 0.520618 0.519442 0.536071 0.517025 0.519569 0.537887 0.521932 0.63374 0.634415 0.636389 0.636075 0.63504 0.635487 0.637596 0.638056 0.634469 0.638277 0.635299 0.635841 0.635933 0.633989 0.638703 0.640408 
0.201398 0.205672 0.238441 0.193502 0.22083 0.211487 0.228949 0.207566 0.217112 0.214789 0.521925 0.519051 0.520748 0.52062 0.519626 0.517517 0.509519 0.520329 0.521003 0.521021 0 0.0362315 0.0562741 0.0529104 0.0560194 0.134136 0.059875 0.0565544 0.139683 0.0558954 0.365146 0.363398 0.363324 0.363435 0.364938 0.363403 0.362611 0.359071 0.351547 0.360441 0.36477 0.363981 0.364984 0.365301 0.358158 0.355568 
0.198314 0.203669 0.236902 0.191995 0.219843 0.209878 0.226758 0.205199 0.216031 0.212818 0.521285 0.518038 0.520411 0.519333 0.518005 0.516799 0.508347 0.51869 0.519863 0.519312 0.0362315 0 0.0577891 0.0523848 0.0572632 0.134196 0.0570485 0.058132 0.140287 0.0568221 0.365876 0.364156 0.363917 0.363785 0.365485 0.363767 0.363102 0.359237 0.352865 0.360881 0.365166 0.364704 0.365495 0.365653 0.358088 0.356305 
0.203518 0.207323 0.244671 0.19619 0.224639 0.215968 0.233284 0.210348 0.223718 0.219274 0.52015 0.517797 0.520172 0.519034 0.517574 0.516227 0.507811 0.518329 0.519345 0.519136 0.0562741 0.0577891 0 0.0466441 0.0468956 0.132392 0.0528494 0.0454691 0.135363 0.0448148 0.367935 0.365916 0.366007 0.366146 0.367423 0.366198 0.365257 0.361691 0.354509 0.362902 0.367109 0.366545 0.367358 0.367767 0.360416 0.358058 
0.199628 0.202563 0.238748 0.190784 0.219119 0.211466 0.227697 0.204514 0.217735 0.213231 0.520999 0.519226 0.520939 0.52052 0.519672 0.517792 0.509436 0.519949 0.520624 0.520618 0.0529104 0.0523848 0.0466441 0 0.0467231 0.128071 0.0491968 0.0458132 0.133389 0.044332 0.364285 0.362608 0.362572 0.362499 0.363928 0.362167 0.361437 0.357324 0.350393 0.359006 0.36386 0.363054 0.364019 0.364246 0.356295 0.354758 
0.197076 0.203304 0.236719 0.190563 0.218827 0.212428 0.225239 0.208059 0.21581 0.215178 0.519906 0.517262 0.518956 0.519176 0.517968 0.51546 0.50814 0.518235 0.51927 0.519442 0.0560194 0.0572632 0.0468956 0.0467231 0 0.130057 0.0490673 0.0471774 0.13333 0.0469829 0.363556 0.361772 0.361419 0.361683 0.363079 0.361577 0.360779 0.357315 0.350081 0.358729 0.362972 0.362175 0.362951 0.363416 0.356804 0.354741 
0.118509 0.119101 0.142515 0.114019 0.129747 0.12819 0.136716 0.124724 0.124619 0.13142 0.537432 0.534146 0.53665 0.536154 0.535075 0.533374 0.525347 0.535746 0.536629 0.536071 0.134136 0.134196 0.132392 0.128071 0.130057 0 0.130068 0.128218 0.068559 0.131827 0.378162 0.377272 0.376818 0.377044 0.378336 0.376955 0.376418 0.372422 0.365891 0.374345 0.378397 0.377888 0.378465 0.378751 0.371379 0.370931 
0.19921 0.205436 0.237582 0.193109 0.21595 0.21434 0.227724 0.206327 0.215942 0.216569 0.517577 0.514557 0.516978 0.516858 0.515567 0.513719 0.505734 0.515509 0.516624 0.517025 0.059875 0.0570485 0.0528494 0.0491968 0.0490673 0.130068 0 0.0476709 0.133343 0.0484593 0.361469 0.359648 0.359795 0.360116 0.361582 0.35973 0.358812 0.355411 0.348322 0.357329 0.361103 0.360625 0.361447 0.361408 0.354937 0.353811 
0.198266 0.204197 0.240146 0.191346 0.220367 0.214385 0.229215 0.208046 0.217866 0.214951 0.520647 0.517244 0.519784 0.519049 0.51844 0.515885 0.508035 0.518899 0.519799 0.519569 0.0565544 0.058132 0.0454691 0.0458132 0.0471774 0.128218 0.0476709 0 0.133196 0.0418368 0.364687 0.363009 0.363104 0.363313 0.364804 0.363243 0.361964 0.358473 0.351007 0.360095 0.364415 0.363833 0.364618 0.364451 0.357719 0.356291 
0.112006 0.118177 0.135594 0.103579 0.122984 0.124503 0.128429 0.122617 0.122183 0.127945 0.539077 0.535886 0.538414 0.53714 0.536205 0.534125 0.527274 0.536963 0.5381 0.537887 0.139683 0.140287 0.135363 0.133389 0.13333 0.068559 0.133343 0.133196 0 0.132837 0.379999 0.379113 0.379256 0.379132 0.380237 0.378955 0.378597 0.375599 0.368881 0.376677 0.380391 0.37991 0.380417 0.380338 0.37447 0.372686 
0.199216 0.204368 0.241713 0.193792 0.220862 0.213468 0.230941 0.207259 0.221229 0.215786 0.523347 0.520852 0.522931 0.522299 0.52093 0.519225 0.51146 0.521584 0.522092 0.521932 0.0558954 0.0568221 0.0448148 0.044332 0.0469829 0.131827 0.0484593 0.0418368 0.132837 0 0.363911 0.361622 0.36154 0.361751 0.363184 0.361732 0.360574 0.356798 0.349793 0.359086 0.3631 0.362476 0.363478 0.363603 0.355952 0.354104 
0.381803 0.374046 0.386597 0.381748 0.388367 0.371206 0.388108 0.369793 0.386275 0.376339 0.634335 0.632065 0.632393 0.632793 0.632941 0.629384 0.621472 0.63611 0.634642 0.63374 0.365146 0.365876 0.367935 0.364285 0.363556 0.378162 0.361469 0.364687 0.379999 0.363911 0 0.00441209 0.00378589 0.00418902 0.00415795 0.00397376 0.00389285 0.00508647 0.0143466 0.00492763 0.00342162 0.00402686 0.00343276 0.0042972 0.0041813 0.00388424 
0.381558 0.374008 0.386708 0.381368 0.387973 0.371359 0.387653 0.370073 0.385855 0.376749 0.634802 0.632541 0.632909 0.633297 0.633328 0.629922 0.621363 0.636353 0.635217 0.634415 0.363398 0.364156 0.365916 0.362608 0.361772 0.377272 0.359648 0.363009 0.379113 0.361622 0.00441209 0 0.00178765 0.00203701 0.00208398 0.0020098 0.00189543 0.00306849 0.012349 0.0028687 0.00123363 0.0019322 0.00121925 0.0021939 0.00229546 0.00195809 
0.381037 0.373663 0.385096 0.3802 0.387101 0.370868 0.386886 0.369323 0.385047 0.375931 0.636423 0.634434 0.634793 0.635193 0.635063 0.631871 0.623419 0.638076 0.636866 0.636389 0.363324 0.363917 0.366007 0.362572 0.361419 0.376818 0.359795 0.363104 0.379256 0.36154 0.00378589 0.00178765 0 0.00145735 0.0015244 0.0013717 0.00128712 0.00245173 0.0118271 0.00230005 0.000709176 0.00132776 0.000703596 0.00166421 0.00183158 0.00152902 
0.380869 0.373772 0.385782 0.380799 0.387658 0.371123 0.387489 0.369629 0.38543 0.376099 0.636451 0.634165 0.634607 0.635084 0.635007 0.631525 0.623336 0.637677 0.636749 0.636075 0.363435 0.363785 0.366146 0.362499 0.361683 0.377044 0.360116 0.363313 0.379132 0.361751 0.00418902 0.00203701 0.00145735 0 0.00177256 0.00178121 0.0016481 0.00278038 0.0120556 0.0025777 0.000960273 0.0016676 0.000982537 0.0020366 0.00212494 0.00186612 
0.382462 0.374925 0.387183 0.38219 0.388977 0.37205 0.388583 0.37068 0.386773 0.377617 0.635479 0.633089 0.63367 0.634487 0.634272 0.630833 0.622475 0.63711 0.635897 0.63504 0.364938 0.365485 0.367423 0.363928 0.363079 0.378336 0.361582 0.364804 0.380237 0.363184 0.00415795 0.00208398 0.0015244 0.00177256 0 0.00180845 0.00178529 0.0027384 0.0120639 0.00268776 0.00105721 0.00170875 0.00104258 0.00199253 0.00226531 0.00191246 
0.381111 0.37384 0.385967 0.380572 0.387729 0.370523 0.387399 0.369781 0.385564 0.37574 0.635871 0.633614 0.634135 0.634912 0.634277 0.630976 0.622565 0.637196 0.636454 0.635487 0.363403 0.363767 0.366198 0.362167 0.361577 0.376955 0.35973 0.363243 0.378955 0.361732 0.00397376 0.0020098 0.0013717 0.00178121 0.00180845 0 0.00158515 0.00274095 0.0120667 0.00258224 0.000945933 0.00157535 0.000952254 0.00189163 0.00216234 0.00181011 
0.380052 0.37297 0.384734 0.379509 0.386418 0.37018 0.385834 0.369317 0.384789 0.374908 0.637747 0.635685 0.636368 0.636659 0.636316 0.633254 0.624813 0.638694 0.638209 0.637596 0.362611 0.363102 0.365257 0.361437 0.360779 0.376418 0.358812 0.361964 0.378597 0.360574 0.00389285 0.00189543 0.00128712 0.0016481 0.00178529 0.00158515 0 0.00272626 0.0117585 0.00254419 0.000873643 0.00147723 0.000858981 0.00179357 0.00204204 0.00171788 
0.377432 0.37086 0.382432 0.377219 0.384002 0.368941 0.382994 0.367015 0.381683 0.3734 0.638663 0.636156 0.637102 0.637846 0.636827 0.633884 0.625459 0.639568 0.638745 0.638056 0.359071 0.359237 0.361691 0.357324 0.357315 0.372422 0.355411 0.358473 0.375599 0.356798 0.00508647 0.00306849 0.00245173 0.00278038 0.0027384 0.00274095 0.00272626 0 0.0126514 0.00364872 0.00201753 0.0026918 0.00201125 0.0029495 0.00304313 0.00281318 
0.373345 0.366621 0.380609 0.373687 0.381405 0.365499 0.380917 0.363436 0.378855 0.369949 0.634465 0.632386 0.633082 0.633565 0.63303 0.630153 0.621679 0.635386 0.634541 0.634469 0.351547 0.352865 0.354509 0.350393 0.350081 0.365891 0.348322 0.351007 0.368881 0.349793 0.0143466 0.012349 0.0118271 0.0120556 0.0120639 0.0120667 0.0117585 0.0126514 0 0.0128447 0.0113823 0.011949 0.0113601 0.0122533 0.0124821 0.0119945 
0.378432 0.37199 0.383351 0.378185 0.385325 0.369776 0.384761 0.367303 0.383261 0.373833 0.638575 0.636103 0.636887 0.637386 0.637003 0.634093 0.625312 0.639131 0.638608 0.638277 0.360441 0.360881 0.362902 0.359006 0.358729 0.374345 0.357329 0.360095 0.376677 0.359086 0.00492763 0.0028687 0.00230005 0.0025777 0.00268776 0.00258224 0.00254419 0.00364872 0.0128447 0 0.00183626 0.00252055 0.00187459 0.00278285 0.00287509 0.0027571 
0.382361 0.375017 0.387191 0.382095 0.389007 0.372063 0.388612 0.370919 0.386808 0.377495 0.635695 0.633446 0.633985 0.634412 0.634266 0.630872 0.622406 0.637159 0.636081 0.635299 0.36477 0.365166 0.367109 0.36386 0.362972 0.378397 0.361103 0.364415 0.380391 0.3631 0.00342162 0.00123363 0.000709176 0.000960273 0.00105721 0.000945933 0.000873643 0.00201753 0.0113823 0.00183626 0 0.000865446 0.000148545 0.00116774 0.00137873 0.00106978 
0.381987 0.374173 0.386848 0.381759 0.38866 0.371423 0.38834 0.370528 0.38646 0.376801 0.636169 0.633802 0.634409 0.634856 0.634738 0.631341 0.622984 0.637482 0.636532 0.635841 0.363981 0.364704 0.366545 0.363054 0.362175 0.377888 0.360625 0.363833 0.37991 0.362476 0.00402686 0.0019322 0.00132776 0.0016676 0.00170875 0.00157535 0.00147723 0.0026918 0.011949 0.00252055 0.000865446 0 0.000907711 0.00185461 0.00201442 0.00171155 
0.3825 0.374962 0.387175 0.382115 0.389086 0.372031 0.388526 0.370716 0.386793 0.377415 0.636282 0.633924 0.634429 0.635042 0.63486 0.631452 0.623146 0.637712 0.636612 0.635933 0.364984 0.365495 0.367358 0.364019 0.362951 0.378465 0.361447 0.364618 0.380417 0.363478 0.00343276 0.00121925 0.000703596 0.000982537 0.00104258 0.000952254 0.000858981 0.00201125 0.0113601 0.00187459 0.000148545 0.000907711 0 0.00118335 0.00136549 0.00106171 
0.382519 0.375217 0.38754 0.382311 0.389138 0.372183 0.388524 0.371184 0.386793 0.377828 0.634373 0.63214 0.632636 0.63307 0.633003 0.629719 0.620962 0.635734 0.634758 0.633989 0.365301 0.365653 0.367767 0.364246 0.363416 0.378751 0.361408 0.364451 0.380338 0.363603 0.0042972 0.0021939 0.00166421 0.0020366 0.00199253 0.00189163 0.00179357 0.0029495 0.0122533 0.00278285 0.00116774 0.00185461 0.00118335 0 0.00239937 0.00206418 
0.375917 0.371192 0.380317 0.375063 0.382275 0.368724 0.380931 0.367342 0.380087 0.372275 0.639097 0.636882 0.637521 0.638275 0.637492 0.634503 0.625966 0.639874 0.639681 0.638703 0.358158 0.358088 0.360416 0.356295 0.356804 0.371379 0.354937 0.357719 0.37447 0.355952 0.0041813 0.00229546 0.00183158 0.00212494 0.00226531 0.00216234 0.00204204 0.00304313 0.0124821 0.00287509 0.00137873 0.00201442 0.00136549 0.00239937 0 0.00207979 
0.375275 0.371584 0.380036 0.374582 0.381038 0.368762 0.380156 0.367501 0.379499 0.372338 0.640953 0.63855 0.639144 0.639623 0.638913 0.636308 0.627127 0.641092 0.640836 0.640408 0.355568 0.356305 0.358058 0.354758 0.354741 0.370931 0.353811 0.356291 0.372686 0.354104 0.00388424 0.00195809 0.00152902 0.00186612 0.00191246 0.00181011 0.00171788 0.00281318 0.0119945 0.0027571 0.00106978 0.00171155 0.00106171 0.00206418 0.00207979 0 
