PPr01	PPr01	0.226471	-0.342211	0.0062391	-0.00891577	-0.107758	-0.503642	0.54107	-0.441685	0.109468	-0.0911662	0.00290514	0.00226839	-0.00519662	0.000719728	-0.240915
PPr02	PPr02	0.209062	-0.303149	0.160699	0.015779	-0.0977883	-0.531928	-0.490577	0.473034	-0.103909	0.0690274	-0.0128397	-0.00779541	-0.000850139	-0.00237311	-0.256106
PPr03	PPr03	0.234749	-0.208678	-0.794953	0.180911	-0.337139	0.265242	-0.0791297	0.0558288	-0.00957589	0.0220083	-0.000740106	-0.00179198	-0.00327751	0.000553635	-0.206595
PPr04	PPr04	0.232114	-0.325559	0.574775	0.220199	-0.311579	0.55917	0.00431489	-0.062554	0.00851006	0.00985177	-0.0025265	-0.00288143	-0.00138517	-0.000363915	-0.217739
PPr05	PPr05	0.237316	-0.341282	-0.0881574	-0.345581	0.757588	0.259159	-0.022894	0.00475726	-0.0250316	0.0159687	0.00323044	0.00328663	-0.00690064	0.00129076	-0.239601
peu01	peu01	0.203485	0.326725	0.036592	-0.427381	-0.213553	0.0530878	0.289374	0.160204	-0.675377	0.0232872	0.000956756	0.00179335	-0.00150619	0.00206893	-0.23095
peu02	peu02	0.198887	0.314785	0.0301461	-0.532327	-0.233614	0.0183113	-0.376776	-0.326203	0.467382	0.0528931	0.00184036	-0.00144728	-0.00629006	-0.0010669	-0.229138
peu03	peu03	0.209418	0.335391	0.0108256	0.494553	0.252747	-0.0938622	-0.30737	-0.48935	-0.339948	0.163362	0.00269671	0.00353279	-0.00483502	-9.06E-05	-0.223678
peu04	peu04	0.201775	0.324879	0.0225398	0.209586	0.123709	0.0105056	0.0768091	0.246617	0.196708	-0.792216	-0.00111621	-0.00192325	-0.00471298	-0.000200075	-0.246666
peu05	peu05	0.19683	0.316898	0.0288097	0.210612	0.121245	-0.00616083	0.365591	0.375722	0.384076	0.572968	-0.0105424	-0.00859927	0.000518882	-0.00227272	-0.223798
pil01	pil01	-0.329725	-0.012736	-0.00574327	0.00788162	-0.00470094	0.0112385	0.00022895	0.00203788	0.000270218	0.00876613	0.872073	-0.113483	0.13587	-0.0236073	-0.313667
pil02	pil02	-0.329044	-0.0113166	-0.00579944	0.00710099	-0.00647026	0.0138865	0.00270151	-0.00104868	-0.00106055	0.00807531	-0.0583491	0.309368	-0.814946	0.202399	-0.294945
pil03	pil03	-0.324624	-0.0112124	-0.00983447	0.00184832	0.000672299	0.0160359	0.0029971	-0.0169204	-0.00464789	0.000860605	-0.318047	-0.55235	0.201593	0.597608	-0.299666
pil04	pil04	-0.32554	-0.0117446	-0.0104013	0.00128416	-0.000318126	0.0172637	0.00514677	-0.0153695	-0.00708591	0.000730604	-0.286216	-0.343167	-0.0628374	-0.775448	-0.297007
pil05	pil05	-0.327236	-0.0115585	-0.00857456	0.00417894	-0.00342911	0.0149359	0.00119715	-0.00700841	0.00169619	0.00415562	-0.229556	0.68438	0.522147	-0.00199287	-0.314122